85.0
94.0
147.0
110.0
118.0
105.0
109.0
120.0
89.0
73.0
129.0
158.0
131.0
121.0
155.0
109.0
138.0
123.0
112.0
143.0
120.0
107.0
105.0
56.0
97.0
85.0
159.0
98.0
103.0
89.0
126.0
94.0
133.0
143.0
95.0
124.0
100.0
121.0
128.0
133.0
73.0
123.0
68.0
122.0
40.0
133.0
115.0
132.0
108.0
126.0
116.0
130.0
146.0
98.0
108.0
138.0
157.0
59.0
163.0
115.0
79.0
147.0
125.0
103.0
121.0
107.0
160.0
114.0
126.0
133.0
149.0
138.0
141.0
121.0
117.0
127.0
133.0
149.0
20.0
94.0
138.0
132.0
170.0
130.0
129.0
104.0
121.0
79.0
117.0
103.0
74.0
96.0
131.0
81.0
167.0
117.0
133.0
140.0
164.0
164.0
132.0
